ecm = 10000.000000
ymin = -2.500000
mllmin = 0.000000
ymaxtop = -1.000000
imuf = 2.000000
fixscale = 1000.000000
photonpdf = 10002.000000
convolvemuon = 1.000000
pdfscheme = 1.000000
sameflav = 1.000000
deltai = 2.000000
deltaib = 2.000000
tinycoll = 0.000000
