ecm = 10000.000000
ymin = -5.000000
mllmin = 0.000000
ymaxtop = -1.000000
imuf = 1.000000
fixscale = 50.000000
photonpdf = 10002.000000
convolvemuon = 1.000000
pdfscheme = 1.000000
sameflav = 1.000000
deltai = 2.000000
deltaib = 2.000000
tinycoll = 0.000000
